198   149   173   138   185   122   140   177   173   122
236   161   180   203   216   174   184   220   209   151
318   209   246   240   294   231   225   304   275   194
317   216   241   234   299   224   226   298   260   159
259   175   229   214   247   235   194   293   245   154
172   142   184   171   179   159   135   226   156   107
299   205   229   218   257   187   202   255   233   160
333   223   277   253   299   237   229   330   272   182
206   142   158   172   217   180   165   215   187   136
234   172   188   165   215   159   173   194   216   165
